0.068
0.07
0.071
0.08
0.085
0.088
0.089
0.09
0.097
0.10
0.101
0.104
0.11
0.111
0.128
0.13
0.148
0.15
0.178
0.18
0.22
0.222
0.227
0.23
0.230
0.238
0.24
0.244
0.247
0.25
0.251
0.255
0.27
0.272
0.275
0.28
0.298
0.30
0.31
0.312
0.313
0.316
0.319
0.32
0.320
0.327
0.33
0.331
0.34
0.343
0.344
0.36
0.360
0.363
0.364
0.368
0.37
0.371
0.372
0.375
0.38
0.382
0.385
0.39
0.391
0.396
0.40
0.405
0.41
0.412
0.415
0.416
0.419
0.42
0.428
0.43
0.430
0.436
0.437
0.44
0.443
0.45
0.454
0.458
0.46
0.476
0.478
0.479
0.48
0.480
0.485
0.489
0.49
0.50
0.500
0.52
0.524
0.54
0.541
0.546
0.55
0.569
0.57
0.58
0.582
0.589
0.59
0.595
0.60
0.61
0.614
0.618
0.62
0.622
0.63
0.633
0.636
0.64
0.65
0.651
0.653
0.654
0.657
0.66
0.67
0.675
0.716
0.719
0.72
0.724
0.728
0.73
0.732
0.747
0.749
0.75
0.750
0.77
0.770
0.80
0.802
0.803
0.81
0.812
0.837
0.84
0.85
0.850
0.858
0.86
0.867
0.87
0.875
0.878
0.88
0.89
0.891
0.899
0.90
0.901
0.908
0.91
0.915
0.92
0.929
0.93
0.937
0.94
0.946
0.95
0.954
0.96
0.962
1
1.46
1.461
1.76
1.763
10.1
10.4
100
102
106
108
109
11
11.1
111
113
114
12.8
121
122
124
125
1257
126
127
13
130
131
132
137
14
14.8
140
141
1426
143
145
146.1
151
1532
16
162
166
168
17
17.8
172
173
175
176.3
179
18
19
190
192
195
2.12
2.123
2.23
2.234
20
200
20048
202
209
21
212.3
215
22
22.2
22.7
223.4
228
23.0
23.8
2337
239
24
24.4
24.7
2400
241
2412
25
25.1
25.5
250
255
26
262
27
27.2
27.5
277
28
29
29.8
290
295
3
3.028
3.03
3.909
3.91
3.92
3.923
30
302.8
31
31.2
31.3
31.6
31.9
313
32.0
32.7
33
33.1
34
34.3
34.4
35
36.0
36.3
36.4
36.8
365
37
37.1
37.2
37.5
375
38
38.2
38.5
39
39.1
39.6
390.9
392.3
4.727
4.73
40
40.5
41
41.2
41.5
41.6
41.9
42.8
425
43
43.0
43.6
43.7
431
44.3
444
45
45.4
45.8
46
467
4686
47.6
47.8
47.9
472.7
474
48.0
48.5
48.9
49
5
5.15
5.151
5.37
5.370
5.686
5.69
50
50.0
51
515.1
517
52
52.4
522
53
537.0
54
54.1
54.6
540
558
56
56.9
568.6
58.2
58.9
59
59.5
6.8
6.96
6.962
60
61.4
61.8
62.2
63.3
63.6
6344
65
65.1
65.3
65.4
65.7
6622
67.5
671
68
688
69
696.2
7.1
71.6
71.9
72.4
72.8
73.2
74
74.7
74.9
75.0
753
76
77
77.0
797
8.5
8.8
8.9
80.2
80.3
81
81.2
82
83
83.7
844
85
85.0
85.8
86.7
860
87.5
87.8
8740
88
89.1
89.9
893
9.7
90
90.1
90.8
91.5
92.9
928
93.7
94.6
95.4
96.2
0.5
100.0
