-0.0
-0.00
-0.000
-0.001
-0.002
-0.003
-0.004
-0.005
-0.006
-0.007
-0.008
-0.009
-0.01
-0.010
-0.011
-0.012
-0.013
-0.014
-0.015
-0.016
-0.017
-0.018
-0.019
-0.02
-0.020
-0.021
-0.022
-0.023
-0.024
-0.025
-0.027
-0.028
-0.03
-0.031
-0.032
-0.033
-0.034
-0.036
-0.037
-0.038
-0.039
-0.04
-0.040
-0.041
-0.042
-0.043
-0.044
-0.045
-0.046
-0.048
-0.049
-0.05
-0.050
-0.051
-0.052
-0.054
-0.055
-0.058
-0.059
-0.06
-0.060
-0.061
-0.062
-0.064
-0.065
-0.068
-0.07
-0.071
-0.072
-0.073
-0.076
-0.08
-0.080
-0.081
-0.082
-0.083
-0.084
-0.086
-0.088
-0.09
-0.090
-0.091
-0.092
-0.093
-0.095
-0.096
-0.097
-0.099
-0.1
-0.10
-0.101
-0.102
-0.103
-0.11
-0.110
-0.111
-0.115
-0.116
-0.117
-0.118
-0.12
-0.123
-0.124
-0.127
-0.13
-0.130
-0.131
-0.132
-0.138
-0.14
-0.146
-0.149
-0.15
-0.150
-0.151
-0.152
-0.153
-0.154
-0.156
-0.158
-0.159
-0.16
-0.160
-0.164
-0.166
-0.167
-0.169
-0.17
-0.171
-0.175
-0.176
-0.18
-0.180
-0.181
-0.182
-0.183
-0.184
-0.188
-0.19
-0.191
-0.194
-0.195
-0.197
-0.199
-0.2
-0.20
-0.200
-0.201
-0.204
-0.207
-0.208
-0.209
-0.21
-0.212
-0.214
-0.215
-0.216
-0.217
-0.218
-0.219
-0.22
-0.221
-0.222
-0.223
-0.229
-0.23
-0.232
-0.234
-0.235
-0.236
-0.237
-0.238
-0.239
-0.24
-0.243
-0.244
-0.245
-0.246
-0.248
-0.249
-0.25
-0.251
-0.252
-0.254
-0.255
-0.258
-0.259
-0.26
-0.260
-0.261
-0.263
-0.265
-0.268
-0.269
-0.27
-0.270
-0.272
-0.273
-0.279
-0.28
-0.281
-0.283
-0.286
-0.288
-0.29
-0.291
-0.292
-0.295
-0.299
-0.3
-0.30
-0.302
-0.305
-0.306
-0.309
-0.31
-0.311
-0.313
-0.314
-0.316
-0.32
-0.321
-0.323
-0.33
-0.331
-0.333
-0.334
-0.34
-0.340
-0.343
-0.346
-0.347
-0.348
-0.349
-0.35
-0.350
-0.353
-0.355
-0.356
-0.36
-0.360
-0.362
-0.363
-0.366
-0.367
-0.37
-0.372
-0.373
-0.375
-0.378
-0.379
-0.38
-0.381
-0.382
-0.383
-0.384
-0.385
-0.386
-0.388
-0.389
-0.39
-0.390
-0.391
-0.392
-0.395
-0.396
-0.397
-0.398
-0.4
-0.40
-0.400
-0.402
-0.403
-0.404
-0.405
-0.406
-0.408
-0.41
-0.410
-0.417
-0.419
-0.42
-0.422
-0.424
-0.425
-0.427
-0.428
-0.429
-0.43
-0.430
-0.433
-0.434
-0.439
-0.44
-0.443
-0.444
-0.445
-0.449
-0.45
-0.451
-0.455
-0.458
-0.459
-0.46
-0.460
-0.461
-0.465
-0.467
-0.47
-0.470
-0.473
-0.48
-0.480
-0.481
-0.484
-0.49
-0.490
-0.5
-0.50
-0.500
-0.501
-0.506
-0.507
-0.51
-0.511
-0.513
-0.52
-0.523
-0.524
-0.53
-0.534
-0.536
-0.539
-0.54
-0.546
-0.55
-0.550
-0.553
-0.557
-0.56
-0.568
-0.57
-0.571
-0.579
-0.58
-0.580
-0.582
-0.583
-0.588
-0.589
-0.59
-0.590
-0.598
-0.599
-0.6
-0.60
-0.600
-0.601
-0.615
-0.616
-0.618
-0.62
-0.622
-0.624
-0.625
-0.626
-0.627
-0.628
-0.63
-0.633
-0.636
-0.64
-0.647
-0.65
-0.651
-0.655
-0.66
-0.668
-0.67
-0.670
-0.671
-0.673
-0.675
-0.676
-0.678
-0.68
-0.684
-0.69
-0.693
-0.699
-0.7
-0.70
-0.704
-0.71
-0.714
-0.719
-0.72
-0.724
-0.729
-0.73
-0.737
-0.74
-0.745
-0.749
-0.75
-0.750
-0.754
-0.767
-0.768
-0.769
-0.77
-0.778
-0.78
-0.782
-0.784
-0.788
-0.79
-0.793
-0.8
-0.80
-0.802
-0.803
-0.807
-0.81
-0.811
-0.812
-0.813
-0.815
-0.816
-0.817
-0.82
-0.820
-0.824
-0.826
-0.827
-0.83
-0.837
-0.84
-0.840
-0.846
-0.85
-0.850
-0.856
-0.86
-0.862
-0.863
-0.864
-0.865
-0.87
-0.875
-0.878
-0.879
-0.88
-0.889
-0.89
-0.897
-0.898
-0.9
-0.90
-0.919
-0.92
-0.924
-0.928
-0.93
-0.932
-0.935
-0.94
-0.949
-0.95
-0.959
-0.96
-0.960
-0.962
-0.976
-0.978
-0.979
-0.98
-0.982
-0.988
-0.99
-1.0
-1.039
-1.04
-1.09
-1.095
-1.1
-1.109
-1.11
-1.113
-1.139
-1.14
-1.2
-1.24
-1.241
-1.26
-1.263
-1.3
-1.337
-1.338
-1.34
-1.348
-1.35
-1.366
-1.37
-1.38
-1.380
-1.397
-1.4
-1.40
-1.5
-1.507
-1.51
-1.559
-1.56
-1.57
-1.571
-1.58
-1.580
-1.6
-1.68
-1.683
-1.7
-1.76
-1.765
-1.788
-1.79
-1.8
-1.828
-1.83
-1.84
-1.841
-1.857
-1.86
-1.860
-1.9
-1.90
-1.901
-1.948
-1.95
-10.1
-10.12
-10.121
-10.2
-10.248
-10.25
-10.3
-10.32
-10.320
-10.34
-10.340
-10.9
-10.95
-10.950
-11.099
-11.1
-11.10
-11.48
-11.480
-11.481
-11.5
-11.54
-11.543
-11.549
-11.55
-11.57
-11.575
-11.6
-11.609
-11.61
-11.7
-11.71
-11.711
-11.715
-11.8
-11.82
-11.820
-12.28
-12.281
-12.29
-12.290
-12.3
-12.4
-12.425
-12.43
-12.7
-12.71
-12.710
-126.3
-126.32
-126.325
-13.0
-13.00
-13.000
-13.076
-13.08
-13.1
-13.15
-13.150
-13.2
-13.799
-13.8
-13.80
-133.669
-133.67
-133.7
-134.787
-134.79
-134.8
-136.598
-136.6
-136.60
-139.7
-139.749
-139.75
-14.6
-14.63
-14.630
-14.9
-14.915
-14.92
-15.0
-15.016
-15.02
-15.06
-15.061
-15.1
-15.2
-15.20
-15.203
-15.23
-15.230
-15.28
-15.282
-15.3
-15.396
-15.4
-15.40
-15.400
-15.6
-15.608
-15.61
-15.77
-15.775
-15.8
-15.836
-15.84
-15.85
-15.851
-15.89
-15.891
-15.9
-15.98
-15.981
-15.985
-16.0
-16.367
-16.37
-16.4
-16.6
-16.619
-16.62
-16.66
-16.661
-16.68
-16.680
-16.7
-16.896
-16.9
-16.90
-16.945
-16.95
-17.1
-17.15
-17.150
-17.5
-17.50
-17.500
-17.589
-17.59
-17.6
-17.99
-17.992
-18.0
-18.1
-18.126
-18.13
-18.2
-18.22
-18.222
-18.246
-18.25
-18.3
-18.337
-18.34
-18.36
-18.360
-18.4
-18.8
-18.815
-18.82
-19.1
-19.13
-19.133
-19.4
-19.44
-19.444
-19.5
-19.52
-19.524
-19.689
-19.69
-19.7
-19.729
-19.73
-19.9
-19.927
-19.93
-2.0
-2.03
-2.034
-2.08
-2.084
-2.097
-2.1
-2.10
-2.16
-2.162
-2.199
-2.2
-2.20
-2.276
-2.28
-2.3
-2.338
-2.34
-2.38
-2.380
-2.399
-2.4
-2.40
-2.46
-2.463
-2.468
-2.47
-2.474
-2.487
-2.49
-2.5
-2.50
-2.500
-2.51
-2.513
-2.516
-2.52
-2.66
-2.664
-2.7
-2.71
-2.711
-2.72
-2.721
-2.748
-2.75
-2.796
-2.8
-2.80
-2.84
-2.845
-20.0
-20.00
-20.000
-20.09
-20.092
-20.1
-20.14
-20.140
-20.397
-20.4
-20.40
-20.7
-20.737
-20.74
-20.8
-20.80
-20.800
-20.89
-20.893
-20.9
-21.2
-21.239
-21.24
-21.248
-21.25
-21.4
-21.40
-21.400
-21.475
-21.48
-21.5
-21.54
-21.541
-21.569
-21.57
-21.6
-21.7
-21.739
-21.74
-21.8
-21.82
-21.823
-21.9
-21.91
-21.911
-22.1
-22.116
-22.12
-22.13
-22.134
-22.2
-22.20
-22.200
-22.3
-22.317
-22.32
-22.85
-22.851
-22.89
-22.892
-22.9
-23.2
-23.238
-23.24
-23.37
-23.370
-23.4
-23.5
-23.528
-23.529
-23.53
-23.577
-23.58
-23.6
-23.60
-23.604
-23.68
-23.684
-23.7
-23.769
-23.77
-23.779
-23.78
-23.8
-23.9
-23.907
-23.91
-233.8
-233.846
-233.85
-24.3
-24.34
-24.345
-24.4
-24.40
-24.401
-24.468
-24.47
-24.5
-24.6
-24.605
-24.61
-24.8
-24.81
-24.811
-24.85
-24.850
-24.9
-25.06
-25.062
-25.1
-25.149
-25.15
-25.159
-25.16
-25.2
-25.4
-25.44
-25.440
-25.48
-25.481
-25.5
-25.527
-25.53
-25.549
-25.55
-25.8
-25.82
-25.822
-25.88
-25.881
-25.9
-25.939
-25.94
-26.0
-26.00
-26.000
-26.1
-26.116
-26.119
-26.12
-26.3
-26.347
-26.35
-26.5
-26.517
-26.52
-26.766
-26.77
-26.8
-26.83
-26.834
-26.9
-26.916
-26.92
-26.99
-26.993
-27.0
-27.15
-27.152
-27.17
-27.174
-27.2
-27.20
-27.202
-27.256
-27.26
-27.263
-27.3
-27.30
-27.304
-27.9
-27.94
-27.944
-28.05
-28.051
-28.1
-28.3
-28.337
-28.34
-28.588
-28.59
-28.6
-29.19
-29.190
-29.2
-29.5
-29.54
-29.545
-29.89
-29.890
-29.9
-3.0
-3.046
-3.05
-3.06
-3.065
-3.07
-3.071
-3.1
-3.19
-3.192
-3.2
-3.23
-3.230
-3.3
-3.31
-3.315
-3.33
-3.331
-3.36
-3.360
-3.4
-3.40
-3.400
-3.57
-3.570
-3.6
-3.645
-3.65
-3.67
-3.670
-3.7
-3.717
-3.72
-3.73
-3.730
-3.8
-3.80
-3.800
-3.9
-3.92
-3.922
-3.95
-3.950
-3.97
-3.974
-30.5
-30.53
-30.532
-30.588
-30.59
-30.6
-30.85
-30.853
-30.87
-30.872
-30.9
-304.6
-304.60
-304.603
-307.1
-307.14
-307.143
-31.09
-31.092
-31.1
-31.11
-31.111
-31.28
-31.285
-31.3
-31.33
-31.333
-31.4
-31.437
-31.44
-31.568
-31.57
-31.6
-319.2
-319.23
-319.231
-32.1
-32.10
-32.104
-33.068
-33.07
-33.1
-33.3
-33.30
-33.300
-33.37
-33.371
-33.4
-33.976
-33.98
-34.0
-34.256
-34.26
-34.3
-34.6
-34.60
-34.600
-34.61
-34.614
-34.7
-34.738
-34.74
-34.743
-34.8
-34.80
-34.800
-34.9
-34.909
-34.91
-34.996
-35.0
-35.00
-35.3
-35.329
-35.33
-35.5
-35.51
-35.511
-35.53
-35.535
-35.545
-35.55
-35.58
-35.581
-35.6
-36.0
-36.01
-36.010
-36.046
-36.05
-36.19
-36.192
-36.2
-36.25
-36.252
-36.3
-36.34
-36.345
-36.6
-36.60
-36.602
-36.7
-36.71
-36.712
-37.2
-37.24
-37.240
-37.277
-37.28
-37.3
-37.31
-37.310
-37.477
-37.48
-37.5
-37.79
-37.792
-37.8
-37.86
-37.862
-37.9
-38.08
-38.083
-38.1
-38.195
-38.2
-38.20
-38.3
-38.31
-38.313
-38.315
-38.32
-38.398
-38.4
-38.40
-38.46
-38.462
-38.5
-38.50
-38.500
-38.6
-38.64
-38.641
-38.8
-38.80
-38.800
-38.839
-38.84
-38.9
-38.94
-38.942
-38.957
-38.96
-38.99
-38.993
-39.0
-39.03
-39.033
-39.1
-39.11
-39.111
-39.19
-39.191
-39.2
-39.489
-39.49
-39.5
-39.6
-39.607
-39.61
-39.668
-39.67
-39.7
-39.787
-39.79
-39.8
-39.80
-39.802
-39.82
-39.820
-395.0
-395.01
-395.012
-4.0
-4.095
-4.1
-4.10
-4.105
-4.14
-4.140
-4.146
-4.15
-4.16
-4.160
-4.198
-4.2
-4.20
-4.200
-4.21
-4.210
-4.255
-4.26
-4.27
-4.273
-4.3
-4.30
-4.300
-4.4
-4.436
-4.44
-4.48
-4.480
-4.483
-4.5
-4.52
-4.520
-4.55
-4.554
-4.587
-4.59
-4.6
-4.8
-4.83
-4.830
-4.86
-4.860
-4.9
-40.0
-40.049
-40.05
-40.2
-40.24
-40.243
-40.28
-40.280
-40.3
-40.377
-40.38
-40.4
-40.5
-40.529
-40.53
-40.6
-40.629
-40.63
-40.75
-40.753
-40.8
-40.806
-40.809
-40.81
-40.98
-40.984
-41.0
-41.7
-41.70
-41.700
-41.85
-41.852
-41.89
-41.890
-41.9
-410.45
-410.454
-410.5
-413.95
-413.952
-414.0
-42.178
-42.18
-42.2
-42.4
-42.40
-42.401
-42.498
-42.5
-42.50
-42.667
-42.67
-42.7
-42.72
-42.720
-42.8
-42.80
-42.800
-42.87
-42.873
-42.9
-42.975
-42.98
-425.5
-425.508
-425.51
-43.0
-43.298
-43.3
-43.30
-43.369
-43.37
-43.4
-43.9
-43.90
-43.900
-44.259
-44.26
-44.3
-44.38
-44.382
-44.4
-45.08
-45.080
-45.1
-45.5
-45.50
-45.500
-45.797
-45.8
-45.80
-45.83
-45.833
-45.888
-45.89
-45.9
-455.357
-455.36
-455.4
-46.0
-46.04
-46.043
-46.057
-46.06
-46.1
-46.106
-46.11
-46.48
-46.480
-46.5
-46.667
-46.67
-46.7
-47.0
-47.01
-47.010
-47.038
-47.04
-47.298
-47.3
-47.30
-47.957
-47.96
-48.0
-48.036
-48.04
-48.1
-48.137
-48.14
-48.4
-48.448
-48.45
-48.99
-48.994
-49.0
-5.0
-5.00
-5.001
-5.078
-5.08
-5.086
-5.09
-5.1
-5.16
-5.160
-5.18
-5.180
-5.2
-5.4
-5.43
-5.430
-5.5
-5.51
-5.510
-5.528
-5.53
-5.79
-5.790
-5.8
-5.80
-5.805
-5.85
-5.851
-5.9
-5.927
-5.93
-50.0
-50.00
-50.000
-50.69
-50.691
-50.7
-51.1
-51.12
-51.121
-51.3
-51.316
-51.32
-52.28
-52.285
-52.3
-52.38
-52.381
-52.4
-53.4
-53.41
-53.413
-53.6
-53.607
-53.61
-53.879
-53.88
-53.9
-54.558
-54.56
-54.6
-55.675
-55.68
-55.7
-56.778
-56.78
-56.8
-57.1
-57.11
-57.112
-57.89
-57.895
-57.9
-57.96
-57.960
-58.0
-58.2
-58.238
-58.24
-58.8
-58.83
-58.830
-58.859
-58.86
-58.87
-58.871
-58.9
-58.975
-58.98
-59.0
-59.799
-59.8
-59.80
-59.857
-59.86
-59.9
-6.0
-6.00
-6.000
-6.1
-6.145
-6.15
-6.2
-6.21
-6.210
-6.216
-6.22
-6.399
-6.4
-6.40
-6.403
-6.47
-6.470
-6.5
-6.8
-6.835
-6.84
-60.09
-60.092
-60.1
-61.5
-61.538
-61.54
-61.589
-61.59
-61.6
-61.789
-61.79
-61.8
-62.2
-62.20
-62.201
-62.36
-62.362
-62.4
-62.5
-62.50
-62.500
-62.6
-62.63
-62.632
-62.7
-62.746
-62.75
-63.25
-63.251
-63.3
-63.34
-63.343
-63.6
-63.636
-63.64
-64.7
-64.706
-64.71
-65.06
-65.065
-65.1
-65.5
-65.517
-65.52
-66.776
-66.78
-66.8
-66.99
-66.990
-67.0
-67.3
-67.31
-67.312
-67.467
-67.47
-67.5
-67.6
-67.62
-67.620
-67.795
-67.8
-67.80
-68.357
-68.36
-68.4
-69.3
-69.34
-69.342
-69.9
-69.916
-69.92
-7.07
-7.073
-7.1
-7.129
-7.13
-7.2
-7.23
-7.230
-7.296
-7.3
-7.30
-7.349
-7.35
-7.6
-7.637
-7.64
-7.96
-7.962
-70.4
-70.43
-70.430
-71.4
-71.40
-71.400
-71.429
-71.43
-71.9
-71.93
-71.930
-72.4
-72.41
-72.414
-72.9
-72.936
-72.94
-73.68
-73.681
-73.7
-74.5
-74.51
-74.510
-74.9
-74.917
-74.92
-75.0
-75.00
-75.000
-75.38
-75.383
-75.4
-76.66
-76.661
-76.7
-76.79
-76.793
-76.8
-76.9
-76.90
-76.900
-77.787
-77.79
-77.8
-78.2
-78.229
-78.23
-78.4
-78.448
-78.45
-78.8
-78.83
-78.832
-79.3
-79.30
-79.300
-8.0
-8.08
-8.080
-8.1
-8.199
-8.2
-8.20
-8.28
-8.282
-8.3
-8.55
-8.552
-8.6
-8.75
-8.750
-8.759
-8.76
-8.8
-8.85
-8.850
-8.96
-8.960
-80.18
-80.180
-80.2
-80.3
-80.347
-80.35
-81.1
-81.11
-81.113
-81.2
-81.20
-81.200
-81.287
-81.29
-81.3
-81.45
-81.453
-81.47
-81.471
-81.5
-81.538
-81.54
-81.58
-81.582
-81.6
-81.7
-81.72
-81.723
-82.0
-82.02
-82.024
-82.35
-82.350
-82.353
-82.4
-82.6
-82.609
-82.61
-82.63
-82.634
-82.7
-82.71
-82.715
-82.73
-82.735
-83.68
-83.682
-83.7
-83.98
-83.980
-84.0
-84.6
-84.615
-84.62
-85.0
-85.00
-85.000
-85.6
-85.645
-85.65
-86.166
-86.17
-86.2
-86.26
-86.261
-86.3
-86.36
-86.364
-86.4
-86.5
-86.508
-86.51
-87.5
-87.50
-87.500
-87.755
-87.76
-87.8
-87.9
-87.94
-87.941
-88.9
-88.906
-88.91
-89.7
-89.74
-89.744
-89.767
-89.77
-89.8
-9.0
-9.008
-9.01
-9.19
-9.190
-9.2
-9.246
-9.25
-9.3
-9.31
-9.310
-9.34
-9.345
-9.5
-9.539
-9.54
-9.565
-9.57
-9.6
-9.69
-9.690
-9.697
-9.7
-9.70
-9.725
-9.73
-91.887
-91.89
-91.9
-92.366
-92.37
-92.4
-92.75
-92.751
-92.8
-93.2
-93.20
-93.201
-93.5
-93.51
-93.511
-94.88
-94.882
-94.9
-95.9
-95.91
-95.914
-95.93
-95.930
-96.0
-96.026
-96.03
-96.17
-96.175
-96.2
-97.6
-97.61
-97.614
-97.786
-97.79
-97.8
-97.9
-97.917
-97.92
-98.2
-98.21
-98.212
0
0.0
0.00
0.000
0.001
0.002
0.003
0.004
0.005
0.006
0.007
0.008
0.009
0.01
0.010
0.011
0.012
0.013
0.014
0.015
0.016
0.017
0.018
0.019
0.02
0.020
0.021
0.022
0.023
0.024
0.025
0.027
0.028
0.03
0.031
0.032
0.033
0.034
0.036
0.037
0.038
0.039
0.04
0.040
0.041
0.042
0.043
0.044
0.045
0.046
0.048
0.049
0.05
0.050
0.051
0.052
0.054
0.055
0.058
0.059
0.06
0.060
0.061
0.062
0.064
0.065
0.068
0.07
0.071
0.072
0.073
0.076
0.08
0.080
0.081
0.082
0.083
0.084
0.086
0.088
0.09
0.090
0.091
0.092
0.093
0.095
0.096
0.097
0.099
0.1
0.10
0.101
0.102
0.103
0.11
0.110
0.111
0.115
0.116
0.117
0.118
0.12
0.123
0.124
0.127
0.13
0.130
0.131
0.132
0.138
0.14
0.146
0.149
0.15
0.150
0.151
0.152
0.153
0.154
0.156
0.158
0.159
0.16
0.160
0.164
0.166
0.167
0.169
0.17
0.171
0.175
0.176
0.18
0.180
0.181
0.182
0.183
0.184
0.188
0.19
0.191
0.194
0.195
0.197
0.199
0.2
0.20
0.200
0.201
0.204
0.207
0.208
0.209
0.21
0.212
0.214
0.215
0.216
0.217
0.218
0.219
0.22
0.221
0.222
0.223
0.229
0.23
0.232
0.234
0.235
0.236
0.237
0.238
0.239
0.24
0.243
0.244
0.245
0.246
0.248
0.249
0.25
0.251
0.252
0.254
0.255
0.258
0.259
0.26
0.260
0.261
0.263
0.265
0.268
0.269
0.27
0.270
0.272
0.273
0.279
0.28
0.281
0.283
0.286
0.288
0.29
0.291
0.292
0.295
0.299
0.3
0.30
0.302
0.305
0.306
0.309
0.31
0.311
0.313
0.314
0.316
0.32
0.321
0.323
0.33
0.331
0.333
0.334
0.34
0.340
0.343
0.346
0.347
0.348
0.349
0.35
0.350
0.353
0.355
0.356
0.36
0.360
0.362
0.363
0.366
0.367
0.37
0.372
0.373
0.375
0.378
0.379
0.38
0.381
0.382
0.383
0.384
0.385
0.386
0.388
0.389
0.39
0.390
0.391
0.392
0.395
0.396
0.397
0.398
0.4
0.40
0.400
0.402
0.403
0.404
0.405
0.406
0.408
0.41
0.410
0.417
0.419
0.42
0.422
0.424
0.425
0.427
0.428
0.429
0.43
0.430
0.433
0.434
0.439
0.44
0.443
0.444
0.445
0.449
0.45
0.451
0.455
0.458
0.459
0.46
0.460
0.461
0.465
0.467
0.47
0.470
0.473
0.48
0.480
0.481
0.484
0.49
0.490
0.5
0.50
0.500
0.501
0.506
0.507
0.51
0.511
0.513
0.52
0.523
0.524
0.53
0.534
0.536
0.539
0.54
0.546
0.55
0.550
0.553
0.557
0.56
0.568
0.57
0.571
0.579
0.58
0.580
0.582
0.583
0.588
0.589
0.59
0.590
0.598
0.599
0.6
0.60
0.600
0.601
0.615
0.616
0.618
0.62
0.622
0.624
0.625
0.626
0.627
0.628
0.63
0.633
0.636
0.64
0.647
0.65
0.651
0.655
0.66
0.668
0.67
0.670
0.671
0.673
0.675
0.676
0.678
0.68
0.684
0.69
0.693
0.699
0.7
0.70
0.704
0.71
0.714
0.719
0.72
0.724
0.729
0.73
0.737
0.74
0.745
0.749
0.75
0.750
0.754
0.767
0.768
0.769
0.77
0.778
0.78
0.782
0.784
0.788
0.79
0.793
0.8
0.80
0.802
0.803
0.807
0.81
0.811
0.812
0.813
0.815
0.816
0.817
0.82
0.820
0.824
0.826
0.827
0.83
0.837
0.84
0.840
0.846
0.85
0.850
0.856
0.86
0.862
0.863
0.864
0.865
0.87
0.875
0.878
0.879
0.88
0.889
0.89
0.897
0.898
0.9
0.90
0.919
0.92
0.924
0.928
0.93
0.932
0.935
0.94
0.949
0.95
0.959
0.96
0.960
0.962
0.976
0.978
0.979
0.98
0.982
0.988
0.99
1
1.0
1.039
1.04
1.09
1.095
1.1
1.109
1.11
1.113
1.139
1.14
1.2
1.24
1.241
1.26
1.263
1.3
1.337
1.338
1.34
1.348
1.35
1.366
1.37
1.38
1.380
1.397
1.4
1.40
1.5
1.507
1.51
1.559
1.56
1.57
1.571
1.58
1.580
1.6
1.61
1.68
1.683
1.7
1.76
1.765
1.788
1.79
1.8
1.828
1.83
1.84
1.841
1.857
1.86
1.860
1.9
1.90
1.901
1.948
1.95
10
10.1
10.12
10.121
10.2
10.248
10.25
10.3
10.32
10.320
10.34
10.340
10.9
10.95
10.950
1000
101
1024
105
106
107
108
11
11.099
11.1
11.10
11.48
11.480
11.481
11.5
11.54
11.543
11.549
11.55
11.57
11.575
11.6
11.609
11.61
11.7
11.71
11.711
11.715
11.8
11.82
11.820
111
112
113
114
118
119
12
12.28
12.281
12.29
12.290
12.3
12.4
12.425
12.43
12.7
12.71
12.710
121
123
1257
126
126.3
126.32
126.325
13
13.0
13.00
13.000
13.076
13.08
13.1
13.15
13.150
13.2
13.799
13.8
13.80
130
132
133
133.669
133.67
133.7
134
134.787
134.79
134.8
136
136.598
136.6
136.60
139
139.7
139.749
139.75
14
14.6
14.63
14.630
14.9
14.915
14.92
140
1426
145
15
15.0
15.016
15.02
15.06
15.061
15.1
15.2
15.20
15.203
15.23
15.230
15.28
15.282
15.3
15.396
15.4
15.40
15.400
15.6
15.608
15.61
15.77
15.775
15.8
15.836
15.84
15.85
15.851
15.89
15.891
15.9
15.98
15.981
15.985
151
156
16
16.0
16.367
16.37
16.4
16.6
16.619
16.62
16.66
16.661
16.68
16.680
16.7
16.896
16.9
16.90
16.945
16.95
161
1631
164
17
17.1
17.15
17.150
17.5
17.50
17.500
17.589
17.59
17.6
17.99
17.992
172
173
175
178
179
18.0
18.1
18.126
18.13
18.2
18.22
18.222
18.246
18.25
18.3
18.337
18.34
18.36
18.360
18.4
18.8
18.815
18.82
19
19.1
19.13
19.133
19.4
19.44
19.444
19.5
19.52
19.524
19.689
19.69
19.7
19.729
19.73
19.9
19.927
19.93
190
1912
196
1977
1982
1986
2
2.0
2.03
2.034
2.08
2.084
2.097
2.1
2.10
2.16
2.162
2.199
2.2
2.20
2.276
2.28
2.3
2.338
2.34
2.38
2.380
2.399
2.4
2.40
2.46
2.463
2.468
2.47
2.474
2.487
2.49
2.5
2.50
2.500
2.51
2.513
2.516
2.52
2.66
2.664
2.7
2.71
2.711
2.72
2.721
2.748
2.75
2.796
2.8
2.80
2.84
2.845
20
20.0
20.00
20.000
20.09
20.092
20.1
20.14
20.140
20.397
20.4
20.40
20.7
20.737
20.74
20.8
20.80
20.800
20.89
20.893
20.9
200
2000
2003
2004
2005
2007
2010
2012
2013
2014
2015
2016
2017
2018
203
209
21
21.2
21.239
21.24
21.248
21.25
21.4
21.40
21.400
21.475
21.48
21.5
21.54
21.541
21.569
21.57
21.6
21.7
21.739
21.74
21.8
21.82
21.823
21.9
21.91
21.911
215
22
22.1
22.116
22.12
22.13
22.134
22.2
22.20
22.200
22.3
22.317
22.32
22.85
22.851
22.89
22.892
22.9
223
23
23.2
23.238
23.24
23.37
23.370
23.4
23.5
23.528
23.529
23.53
23.577
23.58
23.6
23.60
23.604
23.68
23.684
23.7
23.769
23.77
23.779
23.78
23.8
23.9
23.907
23.91
233.8
233.846
233.85
2337
239
24.3
24.34
24.345
24.4
24.40
24.401
24.468
24.47
24.5
24.6
24.605
24.61
24.8
24.81
24.811
24.85
24.850
24.9
25.06
25.062
25.1
25.149
25.15
25.159
25.16
25.2
25.4
25.44
25.440
25.48
25.481
25.5
25.527
25.53
25.549
25.55
25.8
25.82
25.822
25.88
25.881
25.9
25.939
25.94
250
253
255
26
26.0
26.00
26.000
26.1
26.116
26.119
26.12
26.3
26.347
26.35
26.5
26.517
26.52
26.766
26.77
26.8
26.83
26.834
26.9
26.916
26.92
26.99
26.993
261
262
27.0
27.15
27.152
27.17
27.174
27.2
27.20
27.202
27.256
27.26
27.263
27.3
27.30
27.304
27.9
27.94
27.944
28
28.05
28.051
28.1
28.3
28.337
28.34
28.588
28.59
28.6
29
29.19
29.190
29.2
29.5
29.54
29.545
29.89
29.890
29.9
295
3
3.0
3.046
3.05
3.06
3.065
3.07
3.071
3.1
3.19
3.192
3.2
3.23
3.230
3.3
3.31
3.315
3.33
3.331
3.36
3.360
3.4
3.40
3.400
3.57
3.570
3.6
3.645
3.65
3.67
3.670
3.7
3.717
3.72
3.73
3.730
3.8
3.80
3.800
3.9
3.92
3.922
3.95
3.950
3.97
3.974
30.5
30.53
30.532
30.588
30.59
30.6
30.85
30.853
30.87
30.872
30.9
304
304.6
304.60
304.603
307.1
307.14
307.143
31.09
31.092
31.1
31.11
31.111
31.28
31.285
31.3
31.33
31.333
31.4
31.437
31.44
31.568
31.57
31.6
319.2
319.23
319.231
32
32.1
32.10
32.104
33.068
33.07
33.1
33.3
33.30
33.300
33.37
33.371
33.4
33.976
33.98
334
34
34.0
34.256
34.26
34.3
34.6
34.60
34.600
34.61
34.614
34.7
34.738
34.74
34.743
34.8
34.80
34.800
34.9
34.909
34.91
34.996
344
35
35.0
35.00
35.3
35.329
35.33
35.5
35.51
35.511
35.53
35.535
35.545
35.55
35.58
35.581
35.6
36
36.0
36.01
36.010
36.046
36.05
36.19
36.192
36.2
36.25
36.252
36.3
36.34
36.345
36.6
36.60
36.602
36.7
36.71
36.712
360
37.2
37.24
37.240
37.277
37.28
37.3
37.31
37.310
37.477
37.48
37.5
37.79
37.792
37.8
37.86
37.862
37.9
375
38.08
38.083
38.1
38.195
38.2
38.20
38.3
38.31
38.313
38.315
38.32
38.398
38.4
38.40
38.46
38.462
38.5
38.50
38.500
38.6
38.64
38.641
38.8
38.80
38.800
38.839
38.84
38.9
38.94
38.942
38.957
38.96
38.99
38.993
382
39
39.0
39.03
39.033
39.1
39.11
39.111
39.19
39.191
39.2
39.489
39.49
39.5
39.6
39.607
39.61
39.668
39.67
39.7
39.787
39.79
39.8
39.80
39.802
39.82
39.820
395.0
395.01
395.012
4
4.0
4.095
4.1
4.10
4.105
4.14
4.140
4.146
4.15
4.16
4.160
4.198
4.2
4.20
4.200
4.21
4.210
4.255
4.26
4.27
4.273
4.3
4.30
4.300
4.4
4.436
4.44
4.48
4.480
4.483
4.5
4.52
4.520
4.55
4.554
4.587
4.59
4.6
4.8
4.83
4.830
4.86
4.860
4.9
40
40.0
40.049
40.05
40.2
40.24
40.243
40.28
40.280
40.3
40.377
40.38
40.4
40.5
40.529
40.53
40.6
40.629
40.63
40.75
40.753
40.8
40.806
40.809
40.81
40.98
40.984
41.0
41.7
41.70
41.700
41.85
41.852
41.89
41.890
41.9
410.45
410.454
410.5
413
413.95
413.952
414.0
42
42.178
42.18
42.2
42.4
42.40
42.401
42.498
42.5
42.50
42.667
42.67
42.7
42.72
42.720
42.8
42.80
42.800
42.87
42.873
42.9
42.975
42.98
425
425.5
425.508
425.51
43
43.0
43.298
43.3
43.30
43.369
43.37
43.4
43.9
43.90
43.900
439
44.259
44.26
44.3
44.38
44.382
44.4
45
45.08
45.080
45.1
45.5
45.50
45.500
45.797
45.8
45.80
45.83
45.833
45.888
45.89
45.9
455.357
455.36
455.4
46
46.0
46.04
46.043
46.057
46.06
46.1
46.106
46.11
46.48
46.480
46.5
46.667
46.67
46.7
467
47.0
47.01
47.010
47.038
47.04
47.298
47.3
47.30
47.957
47.96
475
48.0
48.036
48.04
48.1
48.137
48.14
48.4
48.448
48.45
48.99
48.994
484
49
49.0
5
5.0
5.00
5.001
5.078
5.08
5.086
5.09
5.1
5.16
5.160
5.18
5.180
5.2
5.4
5.43
5.430
5.5
5.51
5.510
5.528
5.53
5.79
5.790
5.8
5.80
5.805
5.85
5.851
5.9
5.927
5.93
50
50.0
50.00
50.000
50.69
50.691
50.7
51
51.1
51.12
51.121
51.3
51.316
51.32
52
52.28
52.285
52.3
52.38
52.381
52.4
522
53
53.4
53.41
53.413
53.6
53.607
53.61
53.879
53.88
53.9
54.558
54.56
54.6
540
55
55.675
55.68
55.7
558
559
56
56.778
56.78
56.8
57.1
57.11
57.112
57.89
57.895
57.9
57.96
57.960
58
58.0
58.2
58.238
58.24
58.8
58.83
58.830
58.859
58.86
58.87
58.871
58.9
58.975
58.98
59
59.0
59.799
59.8
59.80
59.857
59.86
59.9
590
6
6.0
6.00
6.000
6.1
6.145
6.15
6.2
6.21
6.210
6.216
6.22
6.399
6.4
6.40
6.403
6.47
6.470
6.5
6.8
6.835
6.84
60.09
60.092
60.1
61
61.5
61.538
61.54
61.589
61.59
61.6
61.789
61.79
61.8
62.2
62.20
62.201
62.36
62.362
62.4
62.5
62.50
62.500
62.6
62.63
62.632
62.7
62.746
62.75
624
63.25
63.251
63.3
63.34
63.343
63.6
63.636
63.64
64.7
64.706
64.71
65
65.06
65.065
65.1
65.5
65.517
65.52
66
66.776
66.78
66.8
66.99
66.990
667
67
67.0
67.3
67.31
67.312
67.467
67.47
67.5
67.6
67.62
67.620
67.795
67.8
67.80
674
68.357
68.36
68.4
69
69.3
69.34
69.342
69.9
69.916
69.92
7
7.07
7.073
7.1
7.129
7.13
7.2
7.23
7.230
7.296
7.3
7.30
7.349
7.35
7.6
7.637
7.64
7.96
7.962
70.4
70.43
70.430
703
71
71.4
71.40
71.400
71.429
71.43
71.9
71.93
71.930
72
72.4
72.41
72.414
72.9
72.936
72.94
73.68
73.681
73.7
738
74
74.5
74.51
74.510
74.9
74.917
74.92
75
75.0
75.00
75.000
75.38
75.383
75.4
752
753
76
76.66
76.661
76.7
76.79
76.793
76.8
76.9
76.90
76.900
763
77.787
77.79
77.8
78.2
78.229
78.23
78.4
78.448
78.45
78.8
78.83
78.832
79.3
79.30
79.300
797
8
8.0
8.08
8.080
8.1
8.199
8.2
8.20
8.28
8.282
8.3
8.55
8.552
8.6
8.75
8.750
8.759
8.76
8.8
8.85
8.850
8.96
8.960
80
80.18
80.180
80.2
80.3
80.347
80.35
801
81.1
81.11
81.113
81.2
81.20
81.200
81.287
81.29
81.3
81.45
81.453
81.47
81.471
81.5
81.538
81.54
81.58
81.582
81.6
81.7
81.72
81.723
82
82.0
82.02
82.024
82.35
82.350
82.353
82.4
82.6
82.609
82.61
82.63
82.634
82.7
82.71
82.715
82.73
82.735
83
83.68
83.682
83.7
83.98
83.980
839
84
84.0
84.6
84.615
84.62
844
85.0
85.00
85.000
85.6
85.645
85.65
86.166
86.17
86.2
86.26
86.261
86.3
86.36
86.364
86.4
86.5
86.508
86.51
860
87
87.5
87.50
87.500
87.755
87.76
87.8
87.9
87.94
87.941
88
88.9
88.906
88.91
885
89
89.7
89.74
89.744
89.767
89.77
89.8
893
9
9.0
9.008
9.01
9.19
9.190
9.2
9.246
9.25
9.3
9.31
9.310
9.34
9.345
9.5
9.539
9.54
9.565
9.57
9.6
9.69
9.690
9.697
9.7
9.70
9.725
9.73
90
91.887
91.89
91.9
92.366
92.37
92.4
92.75
92.751
92.8
928
93
93.2
93.20
93.201
93.5
93.51
93.511
94.88
94.882
94.9
95
95.9
95.91
95.914
95.93
95.930
96.0
96.026
96.03
96.17
96.175
96.2
97
97.6
97.61
97.614
97.786
97.79
97.8
97.9
97.917
97.92
98
98.2
98.21
98.212
