0.0
0.003
0.004
0.006
0.008
0.014
0.015
0.016
0.018
0.022
0.023
0.027
0.028
0.031
0.032
0.033
0.034
0.039
0.044
0.045
0.048
0.050
0.051
0.054
0.057
0.061
0.062
0.063
0.068
0.071
0.073
0.076
0.077
0.08
0.080
0.082
0.083
0.086
0.087
0.090
0.093
0.094
0.095
0.096
0.099
0.100
0.103
0.119
0.12
0.120
0.121
0.127
0.131
0.133
0.14
0.141
0.145
0.149
0.153
0.167
0.169
0.171
0.181
0.183
0.192
0.204
0.220
0.233
0.234
0.235
0.24
0.241
0.254
0.258
0.26
0.268
0.27
0.271
0.272
0.274
0.276
0.278
0.285
0.287
0.288
0.290
0.291
0.302
0.303
0.306
0.31
0.313
0.315
0.319
0.320
0.322
0.323
0.329
0.335
0.339
0.360
0.364
0.366
0.369
0.371
0.381
0.385
0.394
0.396
0.40
0.400
0.406
0.407
0.416
0.419
0.422
0.43
0.430
0.434
0.435
0.438
0.44
0.443
0.445
0.447
0.449
0.45
0.47
0.480
0.485
0.489
0.492
0.494
0.496
0.499
0.50
0.506
0.510
0.526
0.530
0.536
0.541
0.557
0.560
0.567
0.578
0.633
0.636
0.652
0.654
0.663
0.664
0.673
0.68
0.680
0.681
0.684
0.695
0.699
0.701
0.709
0.716
0.747
0.748
0.751
0.758
0.764
0.775
0.779
0.785
0.786
0.792
0.794
0.804
0.808
0.816
0.817
0.820
0.826
0.833
0.836
0.837
0.842
0.858
0.862
0.863
0.868
0.887
0.898
0.905
0.908
0.909
0.910
0.911
0.912
0.913
0.914
0.915
0.916
0.919
0.923
0.934
0.935
0.938
0.940
0.949
0.956
0.958
0.961
0.964
0.965
0.967
0.970
0.988
0.989
0.993
0.996
0.997
0.999
1.001
1.002
1.010
1.012
1.014
1.015
1.017
1.018
1.021
1.022
1.029
1.031
1.041
1.042
1.046
1.053
1.057
1.078
1.079
1.084
1.085
1.089
1.095
1.096
1.106
1.108
1.111
1.126
1.128
1.129
1.131
1.135
1.145
1.161
1.166
1.175
1.184
1.193
1.194
1.205
1.215
1.222
1.231
1.240
1.262
1.267
1.270
1.295
1.297
1.302
1.307
1.312
1.321
1.325
1.334
1.342
1.350
1.352
1.366
1.384
1.385
1.387
1.388
1.397
1.400
1.401
1.402
1.403
1.418
1.429
1.435
1.447
1.456
1.46
1.466
1.480
1.485
1.489
1.522
1.566
1.572
1.577
1.636
1.643
1.651
1.684
1.690
1.694
1.763
1.807
1.808
1.833
1.847
1.876
1.901
1.906
1.913
1.923
1.940
1.950
1.957
1.96
1.997
12.2
122.0
18
2.016
2.021
2.046
2.051
2.088
2.102
2.12
2.128
2.131
2.167
2.170
2.172
2.23
2.294
2.326
2.385
2.412
2.631
2.636
2.683
2.687
2.701
2.720
2.721
2.979
3.03
3.235
3.240
3.299
3.485
3.91
30
364.0
367.4
38.3
4.229
4.611
4.73
425.3
467
49.5
56.4
6.795
607.4
682.7
683.0
7.211
755.9
774.5
829.4
85.2
89.6
9