0.000
0.001
0.002
0.003
0.008
0.012
0.015
0.016
0.019
0.020
0.021
0.022
0.027
0.040
0.050
0.051
0.059
0.061
0.063
0.069
0.074
0.077
0.078
0.090
0.128
0.130
0.131
0.148
0.15
0.170
0.185
0.208
0.211
0.212
0.221
0.238
0.243
0.251
0.271
0.289
0.331
0.342
0.374
0.377
0.387
0.400
0.410
0.427
0.429
0.445
0.457
0.555
0.658
0.664
0.683
0.684
0.716
0.732
0.738
0.771
0.773
0.774
0.814
0.863
1,126
1,308
1,536
1,778
1.100
1.102
1.104
1.158
1.160
1.239
1.242
1.248
1.267
1.362
1.391
1.474
1.517
1.614
1.675
1.680
1.817
1.931
101
106
107
108
11.071
11.1
11.5
1126
113
115
118
12.2
12.43
12.791
123
13
13.331
1308
139
14
14.474
140
144
15.0
15.334
15.5
1536
16.03
164
17
17.14
17.7
174
1778
178
186
19
19.853
1990
2,518
2.337
2.377
2.452
2.5
2.901
20.40
200
2001
2003
2006
2008
202
205
206
21
22
22.1
222
2224
23.627
23.9
239
24.588
25.8
2518
26.43
26.91
27.7
274
29.107
29.5
298
3,140
3,235
3.185
3.254
3.445
3.764
3.981
31.02
3140
3235
33
331
338
350
361
363
368
37.7
379
38
39.1
39.471
392
395
4.211
4.270
4.433
4.957
408
418
42.249
420
425
426
43
43.065
434
436
439
460
47
47.0
48
48.4
484
488
5.120
5.194
5.308
5.460
504
513
52.6
529
53.5
54
54.3
55.3
56.9
57.0
57.9
58
6.191
6.685
619
620
7.066
7.44
7.781
712
763
77.1
78.7
79.6
8.768
81.3
88.0
89
9.6
9.620
9.9
92
981
